clrs <- list(red1 = "#EEB3AF",
             red2 = "#E17A75",
             red3 = "#D4423A",
             red4 = "#BC3129",
             red5 = "#9B2822",
             red6 = "#671B17",
             orange1 = "#F4C7A9",
             orange2 = "#EDA778",
             orange3 = "#E47B34",
             orange4 = "#D2651C",
             orange5 = "#AB5216",
             orange6 = "#72370F",
             yellow1 = "#F3EBA5",
             yellow2 = "#F0E47A",
             yellow3 = "#E5D439",
             yellow4 = "#D8C61C",
             yellow5 = "#AB9D16",
             yellow6 = "#72680F",
             springgreen1 = "#ACECB7",
             springgreen2 = "#6EDE81",
             springgreen3 = "#2ECC49",
             springgreen4 = "#28B340",
             springgreen5 = "#209134",
             springgreen6 = "#166123",
             seagreen1 = "#9FEAC8",
             seagreen2 = "#6EDE81",
             seagreen3 = "#2DCD84",
             seagreen4 = "#27B474",
             seagreen5 = "#20915E",
             seagreen6 = "#15623F",
             lightblue1 = "#B7DBF8",
             lightblue2 = "#85BFEF",
             lightblue3 = "#59AAEE",
             lightblue4 = "#2B93E9",
             lightblue5 = "#1577C8",
             lightblue6 = "#0E4F84",
             blue1 = "#B9C9F9",
             blue2 = "#819EF3",
             blue3 = "#527AEF",
             blue4 = "#3C61DD",
             blue5 = "#3C61DD",
             blue6 = "#0C2A83",
             violet1 = "#CBC4F8",
             violet2 = "#9F91F3",
             violet3 = "#7763ED",
             violet4 = "#6B47EA",
             violet5 = "#4B17CD",
             violet6 = "#320F8A",
             purple1 = "#DAC4F8",
             purple2 = "#B991F3",
             purple3 = "#9455EC",
             purple4 = "#7F34E8",
             purple5 = "#6217CD",
             purple6 = "#420F8A")
